0 0.05722326454033771 0.455 0.11069418386491557 0.07
0 0.36679174484052535 0.43833333333333335 0.05065666041275797 0.043333333333333335
0 0.575046904315197 0.24666666666666667 0.08442776735459662 0.060000000000000005
0 0.6679174484052532 0.31 0.0900562851782364 0.03333333333333333
0 0.626641651031895 0.36833333333333335 0.052532833020637895 0.030000000000000002
0 0.5281425891181989 0.30333333333333334 0.05065666041275797 0.03333333333333333
0 0.49530956848030017 0.5700000000000001 0.08630393996247655 0.06666666666666667
0 0.40619136960600377 0.6583333333333333 0.15947467166979362 0.11
0 0.6228893058161351 0.53 0.0450281425891182 0.03333333333333333
0 0.6782363977485929 0.6616666666666667 0.20075046904315197 0.09000000000000001
0 0.699812382739212 0.8500000000000001 0.17636022514071295 0.18666666666666668
0 0.7495309568480301 0.54 0.12195121951219512 0.1
