0 0.6407103825136612 0.8116666666666668 0.25956284153005466 0.20333333333333334
0 0.6530054644808743 0.4916666666666667 0.20765027322404372 0.09000000000000001
0 0.7540983606557377 0.38833333333333336 0.18032786885245902 0.05
0 0.7663934426229508 0.31333333333333335 0.12295081967213115 0.04
0 0.6898907103825137 0.2833333333333333 0.10655737704918032 0.03333333333333333
0 0.6434426229508197 0.2566666666666667 0.09562841530054644 0.02666666666666667
0 0.7103825136612022 0.21666666666666667 0.06557377049180328 0.02666666666666667
0 0.4385245901639344 0.41000000000000003 0.12295081967213115 0.04666666666666667
0 0.4426229508196721 0.3666666666666667 0.08743169398907104 0.04
0 0.5368852459016393 0.315 0.07377049180327869 0.030000000000000002
0 0.3866120218579235 0.32666666666666666 0.09016393442622951 0.03333333333333333
0 0.33469945355191255 0.36833333333333335 0.06284153005464481 0.030000000000000002
0 0.07513661202185792 0.7533333333333334 0.12295081967213115 0.1
