0 0.35553470919324576 0.525 0.06941838649155722 0.043333333333333335
0 0.12195121951219512 0.8183333333333334 0.15384615384615385 0.17666666666666667
0 0.2026266416510319 0.8883333333333334 0.0825515947467167 0.10333333333333335
0 0.32926829268292684 0.7283333333333334 0.09193245778611632 0.09000000000000001
0 0.4277673545966229 0.745 0.09380863039399624 0.08333333333333334
0 0.5656660412757973 0.765 0.07692307692307693 0.06333333333333334
0 0.48592870544090055 0.8766666666666667 0.0900562851782364 0.1
0 0.3452157598499062 0.895 0.0975609756097561 0.11
0 0.40150093808630394 0.9716666666666667 0.1275797373358349 0.05
0 0.6341463414634146 0.9483333333333334 0.1275797373358349 0.08333333333333334
0 0.45872420262664165 0.5700000000000001 0.043151969981238276 0.04
0 0.42120075046904315 0.5433333333333333 0.03564727954971857 0.02
0 0.5272045028142589 0.52 0.15384615384615385 0.13333333333333333
0 0.7720450281425891 0.7066666666666667 0.324577861163227 0.23333333333333334
0 0.9333958724202627 0.9066666666666667 0.1294559099437148 0.18000000000000002
