0 0.3433333333333334 0.46 0.08666666666666667 0.04
0 0.33333333333333337 0.41875 0.060000000000000005 0.0275
0 0.32 0.62125 0.06666666666666667 0.0325
0 0.2833333333333333 0.7212500000000001 0.09333333333333334 0.0425
0 0.4366666666666667 0.7987500000000001 0.21333333333333335 0.1375
0 0.8666666666666667 0.66 0.05333333333333334 0.05
0 0.645 0.69125 0.05666666666666667 0.0525
0 0.5283333333333333 0.41875 0.05 0.0225
0 0.7666666666666667 0.38375000000000004 0.14666666666666667 0.0375
0 0.9116666666666667 0.435 0.043333333333333335 0.025
0 0.8616666666666667 0.46125 0.043333333333333335 0.0225
0 0.9583333333333334 0.54 0.07666666666666667 0.025
0 0.9433333333333334 0.51125 0.060000000000000005 0.0175
0 0.675 0.57625 0.06333333333333334 0.0275
0 0.7300000000000001 0.62 0.04 0.025
0 0.6116666666666667 0.93875 0.11666666666666667 0.11750000000000001
