0 0.4017199017199017 0.5566666666666668 0.29238329238329236 0.10666666666666667
0 0.29975429975429974 0.45333333333333337 0.1425061425061425 0.1
0 0.1375921375921376 0.5033333333333334 0.09828009828009827 0.04
0 0.20884520884520885 0.6466666666666667 0.26044226044226043 0.16666666666666669
0 0.4238329238329238 0.785 0.48402948402948404 0.11666666666666667
0 0.800982800982801 0.7150000000000001 0.3931203931203931 0.24333333333333335
0 0.8452088452088452 0.9433333333333334 0.09828009828009827 0.10666666666666667
0 0.9275184275184275 0.49333333333333335 0.11056511056511056 0.03333333333333333
0 0.8230958230958231 0.5666666666666667 0.1769041769041769 0.11333333333333334
0 0.7383292383292384 0.48500000000000004 0.21867321867321868 0.05
