0 0.5707762557077625 0.19 0.0776255707762557 0.04
0 0.5285388127853881 0.12333333333333334 0.06621004566210045 0.04
0 0.5890410958904109 0.4416666666666667 0.0867579908675799 0.09000000000000001
0 0.728310502283105 0.38833333333333336 0.1095890410958904 0.09000000000000001
0 0.8242009132420091 0.7383333333333334 0.0867579908675799 0.09666666666666668
0 0.47716894977168944 0.6116666666666667 0.1004566210045662 0.08333333333333334
0 0.3264840182648402 0.33166666666666667 0.0410958904109589 0.03666666666666667
0 0.295662100456621 0.30000000000000004 0.03881278538812785 0.04
0 0.24315068493150682 0.4266666666666667 0.08447488584474885 0.07333333333333333
0 0.2328767123287671 0.5666666666666667 0.0958904109589041 0.11333333333333334
