0 0.5609756097560976 0.18333333333333335 0.23639774859287055 0.14
0 0.2270168855534709 0.05166666666666667 0.1801125703564728 0.07666666666666667
0 0.23358348968105067 0.18166666666666667 0.23827392120075047 0.14333333333333334
0 0.43058161350844276 0.34833333333333333 0.17448405253283303 0.1366666666666667
0 0.6519699812382739 0.4733333333333334 0.20075046904315197 0.13333333333333333
0 0.8105065666041276 0.8150000000000001 0.30393996247654786 0.2833333333333333
0 0.34896810506566606 0.6533333333333333 0.3827392120075047 0.30000000000000004
0 0.7589118198874296 0.13833333333333334 0.14821763602251406 0.08333333333333334
0 0.9099437148217636 0.23 0.17636022514071295 0.11333333333333334
0 0.6810506566604128 0.030000000000000002 0.1651031894934334 0.060000000000000005
