0 0.42125 0.7166666666666667 0.2225 0.10666666666666667
0 0.655 0.8466666666666667 0.13 0.12000000000000001
0 0.5750000000000001 0.6383333333333334 0.115 0.06333333333333334
0 0.5437500000000001 0.5683333333333334 0.0925 0.05
0 0.43 0.6083333333333334 0.095 0.05
0 0.4175 0.5066666666666667 0.085 0.03333333333333333
0 0.61625 0.48000000000000004 0.1625 0.04
0 0.72375 0.5166666666666667 0.0975 0.04
0 0.52625 0.43333333333333335 0.08750000000000001 0.02666666666666667
0 0.0775 0.6566666666666667 0.155 0.08666666666666667
0 0.13 0.5816666666666667 0.1 0.043333333333333335
0 0.17875 0.5383333333333333 0.1125 0.05
0 0.24375 0.4683333333333334 0.0675 0.023333333333333334
0 0.31 0.43500000000000005 0.07 0.023333333333333334
0 0.26625 0.395 0.1075 0.030000000000000002
0 0.39625 0.35000000000000003 0.10250000000000001 0.02666666666666667
0 0.355 0.37333333333333335 0.065 0.02
0 0.51125 0.3866666666666667 0.0575 0.02
