0 0.26697892271662765 0.6083333333333334 0.20608899297423888 0.11666666666666667
0 0.4953161592505855 0.7050000000000001 0.16159250585480095 0.11666666666666667
0 0.3618266978922717 0.8716666666666667 0.13817330210772832 0.15666666666666668
0 0.7353629976580797 0.9666666666666667 0.11241217798594848 0.060000000000000005
0 0.17798594847775176 0.5016666666666667 0.07962529274004684 0.05666666666666667
0 0.08782201405152225 0.47500000000000003 0.08665105386416862 0.05
0 0.3629976580796253 0.4466666666666667 0.13114754098360656 0.05333333333333334
0 0.25175644028103045 0.445 0.07728337236533958 0.03666666666666667
0 0.23770491803278687 0.40166666666666667 0.04449648711943794 0.030000000000000002
0 0.7564402810304449 0.5033333333333334 0.08899297423887588 0.03333333333333333
0 0.9637002341920374 0.53 0.06791569086651054 0.07333333333333333
