0 0.050694444444444445 0.03888888888888889 0.04027777777777778 0.01388888888888889
0 0.02361111111111111 0.07777777777777778 0.05 0.030555555555555558
0 0.1125 0.05694444444444444 0.075 0.03333333333333333
0 0.13819444444444445 0.005555555555555556 0.04583333333333334 0.01388888888888889
0 0.09791666666666667 0.024305555555555556 0.0375 0.015277777777777779
0 0.07152777777777779 0.005555555555555556 0.04861111111111111 0.01388888888888889
0 0.029861111111111113 0.001388888888888889 0.03194444444444445 0.005555555555555556
0 0.009722222222222222 0.009722222222222222 0.022222222222222223 0.01388888888888889
0 0.48055555555555557 0.3993055555555556 0.13055555555555556 0.09305555555555556
0 0.7541666666666667 0.21319444444444446 0.03888888888888889 0.02638888888888889
0 0.5298611111111111 0.8166666666666667 0.05694444444444444 0.04722222222222222
