0 0.5633484162895928 0.8083333333333333 0.22171945701357468 0.18333333333333335
0 0.5610859728506787 0.5 0.1809954751131222 0.09333333333333334
0 0.6402714932126697 0.40166666666666667 0.14479638009049775 0.06333333333333334
0 0.6504524886877828 0.33 0.10180995475113123 0.04
0 0.5407239819004526 0.3716666666666667 0.12669683257918554 0.05666666666666667
0 0.3959276018099548 0.42500000000000004 0.0995475113122172 0.043333333333333335
0 0.39366515837104077 0.385 0.08144796380090498 0.03666666666666667
0 0.46719457013574667 0.33166666666666667 0.05203619909502263 0.023333333333333334
0 0.5871040723981901 0.30000000000000004 0.07466063348416291 0.02666666666666667
0 0.5531674208144797 0.27666666666666667 0.07918552036199096 0.02666666666666667
0 0.10633484162895929 0.755 0.0995475113122172 0.09000000000000001
0 0.6063348416289593 0.23833333333333334 0.05429864253393665 0.023333333333333334
0 0.35180995475113125 0.3466666666666667 0.07918552036199096 0.03333333333333333
