0 0.7930648769574944 0.48000000000000004 0.060402684563758385 0.05333333333333334
0 0.6196868008948546 0.35333333333333333 0.2505592841163311 0.07333333333333333
0 0.12304250559284116 0.6283333333333334 0.2371364653243848 0.29000000000000004
0 0.050335570469798654 0.8916666666666667 0.10067114093959731 0.21000000000000002
0 0.5592841163310962 0.8433333333333334 0.3713646532438479 0.26666666666666666
0 0.7572706935123042 0.6900000000000001 0.07829977628635347 0.07333333333333333
0 0.5234899328859061 0.5366666666666667 0.1297539149888143 0.08
0 0.3859060402684564 0.6233333333333334 0.060402684563758385 0.04
0 0.3366890380313199 0.41500000000000004 0.060402684563758385 0.043333333333333335
0 0.7024608501118568 0.4466666666666667 0.11185682326621924 0.06666666666666667
0 0.7192393736017897 0.5233333333333333 0.04697986577181208 0.03333333333333333
0 0.8355704697986577 0.6116666666666667 0.05592841163310962 0.05666666666666667
0 0.7975391498881431 0.7766666666666667 0.060402684563758385 0.060000000000000005
0 0.3825503355704698 0.31833333333333336 0.17002237136465323 0.043333333333333335
