0 0.2462686567164179 0.43500000000000005 0.33134328358208953 0.12333333333333334
0 0.27611940298507465 0.55 0.19402985074626866 0.1
0 0.491044776119403 0.6333333333333334 0.18208955223880596 0.12666666666666668
0 0.31044776119402984 0.8366666666666667 0.32238805970149254 0.16
0 0.7044776119402986 0.44833333333333336 0.07761194029850746 0.05666666666666667
0 0.8731343283582089 0.2833333333333333 0.1582089552238806 0.08
0 0.3880597014925373 0.18833333333333335 0.08358208955223881 0.030000000000000002
0 0.7194029850746269 0.07666666666666667 0.06567164179104477 0.03333333333333333
0 0.7820895522388059 0.16833333333333333 0.07164179104477612 0.023333333333333334
0 0.8074626865671641 0.19166666666666668 0.0746268656716418 0.016666666666666666
