0 0.34476843910806176 0.5433333333333333 0.10634648370497427 0.09333333333333334
0 0.36620926243567753 0.44333333333333336 0.07718696397941681 0.06666666666666667
0 0.47684391080617494 0.49000000000000005 0.0686106346483705 0.05333333333333334
0 0.5823327615780446 0.5133333333333334 0.07032590051457976 0.05333333333333334
0 0.5883361921097771 0.3816666666666667 0.0686106346483705 0.06333333333333334
0 0.7161234991423671 0.39 0.0634648370497427 0.07333333333333333
0 0.4811320754716981 0.6716666666666667 0.15608919382504288 0.14333333333333334
0 0.516295025728988 0.8433333333333334 0.10634648370497427 0.14
0 0.9013722126929674 0.125 0.16295025728987994 0.09666666666666668
0 0.5077186963979416 0.195 0.1097770154373928 0.05666666666666667
0 0.3481989708404803 0.28500000000000003 0.0686106346483705 0.043333333333333335
0 0.2692967409948542 0.21333333333333335 0.06518010291595197 0.05333333333333334
0 0.21355060034305318 0.26666666666666666 0.05660377358490566 0.05333333333333334
0 0.13293310463121782 0.3016666666666667 0.09777015437392796 0.06333333333333334
0 0.23327615780445968 0.38333333333333336 0.09605488850771869 0.08
0 0.34476843910806176 0.33166666666666667 0.0548885077186964 0.043333333333333335
0 0.7495711835334476 0.24500000000000002 0.05831903945111492 0.043333333333333335
