0 0.28125 0.6433333333333334 0.4125 0.26666666666666666
0 0.253125 0.4166666666666667 0.07708333333333334 0.04
0 0.134375 0.8983333333333334 0.12708333333333333 0.19666666666666668
0 0.6395833333333333 0.7150000000000001 0.14166666666666666 0.14333333333333334
0 0.6927083333333334 0.8716666666666667 0.08541666666666667 0.1366666666666667
0 0.8104166666666667 0.8250000000000001 0.12083333333333333 0.14333333333333334
0 0.8270833333333333 0.6633333333333333 0.1625 0.12000000000000001
0 0.8781249999999999 0.555 0.23541666666666666 0.14333333333333334
0 0.7114583333333333 0.4566666666666667 0.08541666666666667 0.08
0 0.7697916666666667 0.3983333333333334 0.13125 0.07
0 0.6 0.54 0.14583333333333334 0.14666666666666667
0 0.4791666666666667 0.4216666666666667 0.07083333333333333 0.07
0 0.9479166666666666 0.7933333333333333 0.1 0.13333333333333333
0 0.4927083333333333 0.7316666666666667 0.06458333333333333 0.11
