0 0.41375 0.48000000000000004 0.3925 0.3066666666666667
0 0.1525 0.8066666666666668 0.305 0.21333333333333335
0 0.8275 0.515 0.25 0.12333333333333334
0 0.8300000000000001 0.6333333333333334 0.25 0.13333333333333333
0 0.7937500000000001 0.81 0.2175 0.25333333333333335
0 0.69375 0.37833333333333335 0.2625 0.12333333333333334
0 0.665 0.275 0.155 0.05666666666666667
0 0.37875000000000003 0.165 0.17250000000000001 0.07
0 0.5750000000000001 0.195 0.17500000000000002 0.07666666666666667
0 0.73875 0.15833333333333335 0.1375 0.09000000000000001
0 0.6575 0.095 0.105 0.05
0 0.54875 0.07 0.11750000000000001 0.04
0 0.43875000000000003 0.095 0.11750000000000001 0.043333333333333335
0 0.26 0.11333333333333334 0.085 0.03333333333333333
0 0.29125 0.06333333333333334 0.0625 0.02
0 0.31125 0.023333333333333334 0.0575 0.02
0 0.38 0.04 0.06 0.02666666666666667
