0 0.38 0.8216666666666668 0.13777777777777778 0.09666666666666668
0 0.4855555555555556 0.755 0.08222222222222222 0.05666666666666667
0 0.2577777777777778 0.61 0.13333333333333333 0.08
0 0.43444444444444447 0.5900000000000001 0.06888888888888889 0.04666666666666667
0 0.5622222222222222 0.5966666666666667 0.08 0.03333333333333333
0 0.6911111111111111 0.5900000000000001 0.04888888888888889 0.03333333333333333
0 0.57 0.5733333333333334 0.11777777777777777 0.02666666666666667
0 0.4288888888888889 0.49333333333333335 0.08444444444444445 0.04666666666666667
0 0.18888888888888888 0.4783333333333334 0.035555555555555556 0.023333333333333334
0 0.30333333333333334 0.5 0.06444444444444444 0.04
0 0.35555555555555557 0.4416666666666667 0.03111111111111111 0.023333333333333334
0 0.8066666666666666 0.7666666666666667 0.19555555555555557 0.1
