0 0.4715277777777778 0.9229323308270676 0.21805555555555556 0.11654135338345864
0 0.2652777777777778 0.8421052631578947 0.13333333333333333 0.09022556390977443
0 0.4236111111111111 0.7763157894736842 0.21666666666666667 0.05639097744360902
0 0.5368055555555555 0.6973684210526315 0.1125 0.04887218045112782
0 0.38125000000000003 0.5883458646616541 0.08750000000000001 0.03383458646616541
0 0.06041666666666667 0.8270676691729323 0.12083333333333333 0.20300751879699247
0 0.25972222222222224 0.5018796992481203 0.08055555555555556 0.04887218045112782
0 0.48750000000000004 0.48120300751879697 0.07222222222222223 0.03759398496240601
0 0.7409722222222223 0.7593984962406015 0.0625 0.045112781954887216
0 0.7256944444444444 0.6616541353383458 0.0625 0.03759398496240601
0 0.675 0.612781954887218 0.07777777777777778 0.045112781954887216
0 0.8875000000000001 0.9323308270676691 0.22222222222222224 0.12781954887218044
