0 0.5111111111111111 0.29000000000000004 0.08444444444444445 0.08
0 0.5866666666666667 0.21333333333333335 0.04888888888888889 0.05333333333333334
0 0.5766666666666667 0.42000000000000004 0.07333333333333333 0.1
0 0.4722222222222222 0.56 0.1 0.05333333333333334
0 0.4955555555555556 0.515 0.07111111111111111 0.030000000000000002
0 0.7366666666666667 0.62 0.05555555555555555 0.11333333333333334
0 0.7744444444444445 0.7816666666666667 0.08666666666666667 0.15000000000000002
0 0.6977777777777778 0.41833333333333333 0.044444444444444446 0.07
0 0.6644444444444444 0.2866666666666667 0.057777777777777775 0.08
0 0.47333333333333333 0.37833333333333335 0.04 0.030000000000000002
0 0.46444444444444444 0.4133333333333334 0.04 0.02
0 0.49 0.34500000000000003 0.028888888888888888 0.023333333333333334
0 0.5244444444444445 0.165 0.035555555555555556 0.023333333333333334
